7.32574074074074
5.859444444444445
7.522962962962963
10.297592592592592
5.475185185185185
8.203148148148149
6.7464814814814815
5.985925925925926
5.904259259259259
7.133333333333334
7.018888888888889
5.515
6.762777777777778
4.598703703703704
6.552222222222222
5.9598148148148145
5.335925925925926
5.617592592592593
5.876296296296296
6.5055555555555555
5.114444444444445
6.827222222222222
6.189814814814815
4.539259259259259
4.477777777777778
4.3785185185185185
4.9527777777777775
4.601851851851852
4.085925925925926
4.249444444444444
3.885925925925926
4.725740740740741
3.948148148148148
3.4142592592592593
3.8962962962962964
4.364259259259259
4.026851851851852
4.360925925925926
3.8164814814814814
4.751481481481481
3.8116666666666665
3.5327777777777776
3.571851851851852
3.530925925925926
4.198888888888889
3.6635185185185186
3.6705555555555556
3.5279629629629627
3.1975925925925925
3.9966666666666666
3.6524074074074075
3.206111111111111
3.4922222222222223
3.6925925925925926
3.9677777777777776
3.1824074074074074
3.724814814814815
3.7687037037037037
3.517037037037037
3.350185185185185
3.632962962962963
3.121111111111111
2.8357407407407407
3.2375925925925926
3.408888888888889
3.129814814814815
2.946296296296296
2.7757407407407406
3.012962962962963
3.159074074074074
3.303148148148148
2.7562962962962962
2.4405555555555556
2.7775925925925926
2.783148148148148
2.8494444444444444
2.6353703703703704
2.8924074074074073
2.7753703703703705
2.829074074074074
2.906296296296296
2.6911111111111112
2.616296296296296
2.810185185185185
2.727777777777778
2.9385185185185185
2.9585185185185185
2.7653703703703703
2.7985185185185184
2.431111111111111
2.4614814814814814
2.5435185185185185
2.3696296296296295
2.58
2.457962962962963
2.257962962962963
2.3885185185185187
2.724814814814815
2.9144444444444444
2.3812962962962962
