39559
31641
40624
55607
29566
44297
36431
32324
31883
38520
37902
29781
36519
24833
35382
32183
28814
30335
31732
35130
27618
36867
33425
24512
24180
23644
26745
24850
22064
22947
20984
25519
21320
18437
21040
23567
21745
23549
20609
25658
20583
19077
19288
19067
22674
19783
19821
19051
17267
21582
19723
17313
18858
19940
21426
17185
20114
20351
18992
18091
19618
16854
15313
17483
18408
16901
15910
14989
16270
17059
17837
14884
13179
14999
15029
15387
14231
15619
14987
15277
15694
14532
14128
15175
14730
15868
15976
14933
15112
13128
13292
13735
12796
13932
13273
12193
12898
14714
15738
12859
