-25895.0
-20658.0
-26804.0
-39942.0
-18614.0
-30434.0
-23472.0
-20825.0
-20323.0
-25740.0
-25027.0
-18896.0
-23908.0
-14526.0
-22429.0
-19798.0
-18630.0
-19473.0
-19140.0
-22754.0
-16668.0
-23607.0
-18665.0
-14549.0
-13989.0
-13074.0
-16244.0
-13890.0
-11901.0
-12200.0
-11222.0
-14505.0
-11925.0
-9063.0
-11114.0
-11465.0
-10538.0
-13678.0
-11360.0
-13439.0
-10969.0
-10289.0
-9950.0
-9469.0
-12988.0
-10021.0
-10257.0
-9971.0
-7678.0
-11294.0
-10185.0
-8434.0
-9768.0
-10321.0
-10560.0
-8196.0
-8461.0
-10707.0
-9261.0
-8606.0
-9015.0
-7570.0
-7071.0
-8780.0
-9011.0
-7642.0
-6913.0
-7015.0
-7465.0
-8096.0
-7848.0
-6555.0
-5622.0
-5936.0
-6818.0
-6724.0
-6025.0
-6788.0
-6321.0
-7232.0
-5993.0
-6753.0
-5686.0
-6303.0
-6085.0
-6084.0
-6262.0
-5666.0
-5894.0
-4845.0
-5130.0
-5050.0
-5115.0
-5701.0
-5193.0
-4717.0
-4876.0
-5409.0
-5179.0
-5420.0
